. 3
swa-2·-

3133333133 1131313133333 33113313. 11133333Ι 33 11313.
17334. 1111133318.
1111.113.3131113333333313311333311133333333 3311313313.

1133176434

114. Pr. 1113331333 33 3331333 incarnationis 6111113133-
13333.11131.1764.4.

115. Pr. 313 3331333313333 3333333 33313331333 33 33333·
33313333 3311133131. 3303133331. 11131. 1765. 4.

116. Pr. 311. Cor. XIV 313 31333113333133333. 113131.
1765.Ι 4.·

117. [1133. 11333133 repetitio 33 33333313 3333333133 Lu-
31333333. 313 33333333313 corporis 33 sanguinis 10.
13 333333 33333. 113131. 1765. 4. (ln ling. (13333333.
3133313011. 83333333331333311133133131333333331
11333333133333133133133133133313133333 (1331133333-
33333 133 Ι131133 und 1113331333 Christi un 1311.
3333133333. 3333. 3333. 3.)

118. 311333.13.1“3131.Κ3333313133311. 113131. 1765. 131.

119. 1133313331. 313311333333111. 113131. 1765. 131.

120. 1133333313 zur 31133333133331113133333113133 von
Guthrio 3331 (1333 333. 1113131765. 8. ’

121. Mem. 131331. 11313331· ibid: 1766. F 31.

122.- Mem. 13. christoph. (1333331311. 1113117611. Pol

123. 3333. 3331333333333333. 3333, 1333. 4. ³

124. Ρ3.13333331313“33313313331333383131331131333·
333 3333131331 1113113. 113131. 1768. 4. ’

mm.ffl.m.m.fflmffl·³

126. (3131331313 1133113333 zur 1133133311313333833133
333113331131331, 33331333 1131333133333 der 33333333
81313333313333. 1131. 131333. 1768. 8. (Hae 33333.
1311313133333333 3333 11133313311770. 8.) Th. 11.
1331333. 1773. 8. Th. 111. 11·’. 131333. 1782. 8. (133-
333333313313333 1. C. G. 13313331.)Ι ·

 

